[[0 0 0 ..., 0 0 0]
 [0 0 0 ..., 0 0 0]
 [0 0 0 ..., 0 0 0]
 ..., 
 [0 0 0 ..., 0 0 0]
 [0 0 0 ..., 0 0 0]
 [0 0 0 ..., 0 0 0]]
(1, 1)
[ 0.  0.  0.  0.  0.  0.  0.  0.  0.  0.  0.  0.  0.  0.  0.  0.  0.  0.
  0.  0.  0.  0.  0.  0.  0.  0.  0.  0.  0.  0.  0.  0.  0.  0.  0.  0.
  0.  0.  0.  0.  0.  0.  0.  0.  0.  0.  0.  0.  0.  0.  0.  0.  0.  0.
  0.  0.  0.  0.  0.  0.  0.  0.  0.  0.  0.  0.  0.  0.  0.  0.  0.  0.
  0.  0.  0.  0.  0.  0.  0.  0.  0.  0.  0.  0.  0.  0.  0.  0.  0.  0.
  0.  0.  1.  0.  0.  0.  0.  0.  0.  0.  0.  0.  0.  0.  0.  0.  0.  0.
  0.  0.  0.  0.  0.  0.  0.  0.  0.  0.  0.  0.  0.  0.  0.  0.  0.  0.
  0.  0.  0.  0.  0.  0.  0.  0.  0.  0.  0.  1.  0.  0.  0.  0.  0.  0.
  0.  0.  0.  0.  0.  0.  0.  0.  0.  0.  0.  0.  0.  0.  0.  0.  0.  0.
  0.  0.  0.  0.  0.  0.  0.  0.  0.  0.  0.  0.  0.  0.  0.  0.  0.  0.
  0.  0.  0.  0.  0.  0.  0.  0.  0.  0.  0.  0.  0.  0.  0.  0.  0.  0.
  0.  0.  0.  0.  0.  0.  0.  0.  0.  0.  0.  0.  0.  0.  0.  0.  0.  0.
  0.  0.  0.  0.  0.  0.  0.  0.  0.  0.  0.  0.  0.  0.  0.  0.  0.  0.
  0.  0.  0.  0.  0.  0.  0.  0.  0.  0.  0.  0.  0.  0.  0.  0.  0.  0.
  0.  0.  0.  0.  0.  0.  0.  0.  0.  0.  0.  0.  0.  0.  0.  0.  0.  0.
  0.  0.  0.  0.  0.  0.  0.  0.  0.  0.  0.  0.  0.  0.  0.  0.  0.  0.
  0.  0.  0.  0.  0.  0.  0.  0.  0.  0.  0.  0.  0.  0.  0.  0.  0.  0.
  0.  0.  0.  0.  0.  0.  0.  0.  0.  0.  0.  0.  0.  0.  0.  0.  0.  0.
  0.  0.  0.  0.  0.  0.  0.  0.  0.  0.  0.  0.  1.  0.  0.  0.  0.  0.
  0.  0.  0.  0.  0.  0.  0.  1.  0.  0.  0.  0.  0.  0.  0.  0.  0.  1.
  0.  0.  0.  0.  0.  0.  0.  0.  0.  0.  0.  0.  0.  0.  0.  0.  0.  0.
  0.  0.  0.  0.  0.  0.  0.  0.  0.  0.  0.  0.  0.  0.  0.  0.  0.  0.
  0.  0.  0.  0.  0.  0.  0.  0.  0.  0.  0.  0.  0.  0.  0.  0.  0.  0.
  0.  0.  0.  0.  0.  0.  0.  0.  0.  0.  0.  0.  0.  0.  0.  0.  0.  0.
  0.  0.  0.  0.  0.  0.  0.  0.  0.  0.  0.  0.  0.  0.  0.  0.  0.  0.
  0.  0.  0.  0.  0.  0.  0.  0.  0.  0.  0.  0.  1.  0.  0.  0.  0.  0.
  0.  0.  0.  0.  0.  0.  0.  0.  0.  0.  0.  0.  0.  0.  0.  0.  0.  0.
  0.  0.  0.  0.  0.  0.  0.  0.  0.  0.  0.  0.  0.  0.  0.  0.  0.  0.
  0.  0.  0.  0.  0.  0.  0.  0.  0.  0.  0.  0.  0.  0.  0.  0.  0.  0.
  0.  0.  0.  0.  0.  0.  0.  0.  0.  0.  0.  0.  0.  0.  0.  0.  0.  0.
  0.  0.  0.  0.  0.  0.  0.  0.  0.  0.  0.  0.  0.  0.  0.  0.  0.  0.
  0.  0.  0.  1.  0.  0.  0.  0.  0.  0.  0.  0.  0.  0.  0.  0.  0.  0.
  0.  0.  0.  0.  0.  0.  0.  0.  0.  0.  0.  0.  0.  0.  0.  0.  0.  0.
  0.  0.  0.  0.  0.  0.  0.  0.  0.  0.  0.  0.  0.  0.  0.  0.  0.  0.
  0.  0.  0.  0.  0.  0.  0.  0.  0.  0.  0.  0.  0.  0.  0.  0.  0.  0.
  0.  0.  0.  0.  0.  0.  0.  0.  0.  0.  0.  0.  0.  0.  0.  0.  0.  0.
  0.  0.  0.  0.  0.  0.  0.  0.  0.  0.  0.  0.  0.  0.  0.  0.  0.  0.
  0.  0.  0.  0.  0.  0.  0.  0.  0.  1.  0.  0.  0.  0.  1.  0.  0.  0.
  0.  0.  0.  0.  0.  0.  0.  0.  0.  0.  0.  0.  0.  0.  0.  0.  0.  0.
  0.  0.  0.  0.  0.  0.  0.  0.  0.  0.  0.  0.  0.  0.  0.  0.  0.  0.
  0.  0.  0.  0.  0.  0.  0.  0.  0.  0.  0.  0.  0.  0.  0.  0.  0.  0.
  0.  0.  0.  0.  0.  0.  0.  0.  0.  0.  0.  0.  0.  0.  0.  0.  0.  0.
  0.  0.  0.  0.  0.  0.  0.  0.  0.  0.  0.  0.  0.  0.  0.  0.  0.  0.
  0.  0.  0.  0.  0.  0.  0.  0.  0.  0.  0.  0.  0.  0.  0.  0.  0.  0.
  0.  0.  0.  0.  0.  0.  0.  0.  0.  0.  0.  0.  0.  0.  0.  0.  0.  0.
  0.  0.  0.  0.  0.  0.  0.  0.  0.  0.  0.  0.  0.  0.  0.  0.  0.  0.
  0.  0.  0.  0.  0.  0.  0.  0.  0.  0.  0.  0.  0.  0.  0.  0.  0.  0.
  1.  0.  0.  0.  0.  0.  0.  0.  0.  0.  0.  0.  1.  0.  0.  0.  0.  0.
  0.  0.  0.  0.  0.  0.  0.  0.  0.  0.  0.  0.  0.  0.  0.  0.  0.  0.
  0.  0.  0.  0.  0.  0.  0.  0.  0.  0.  0.  0.  0.  0.  1.  0.  0.  0.
  0.  0.  0.  0.  0.  0.  0.  0.  0.  0.  0.  0.  0.  0.  0.  0.  0.  0.
  0.  0.  0.  0.  0.  0.  0.  0.  0.  0.  0.  0.  0.  0.  0.  0.  0.  0.
  0.  0.  0.  0.  0.  0.  0.  0.  0.  0.  0.  0.  0.  0.  0.  0.  0.  0.
  0.  0.  0.  0.  0.  0.  0.  0.  0.  0.  0.  0.  0.  0.  0.  0.  0.  0.
  0.  0.  0.  0.  0.  0.  0.  0.  0.  0.  0.  0.  0.  0.  0.  0.  0.  0.
  0.  0.  0.  0.  0.  0.  0.  0.  0.  0.]

48.100002 4307.550293 0.000000 0.000000 7.000000 1300.000000 144.000000 4020.000000 1119.478516 0.000000 0.002400 0.000000 
48.100002 4307.550293 0.000000 0.000000 7.000000 1300.000000 144.000000 4024.000000 1121.708618 0.000000 0.002400 0.000000 
48.100002 4307.550293 0.000000 0.000000 7.000000 1300.000000 144.000000 4028.000000 1123.940796 0.000000 0.002400 0.000000 
48.100002 4307.550293 0.000000 0.000000 7.000000 1300.000000 144.000000 4032.000000 1126.175293 0.000000 0.002400 0.000000 
48.100002 4307.550293 0.000000 0.000000 7.000000 1300.000000 144.000000 4036.000000 1128.411987 0.000000 0.002400 0.000000 
48.100002 4307.550293 0.000000 0.000000 7.000000 1300.000000 144.000000 4040.000000 1130.650879 0.000000 0.002400 0.000000 
48.100002 4307.550293 0.000000 0.000000 7.000000 1300.000000 144.000000 4044.000000 1132.892090 0.000000 0.002400 0.000000 
48.100002 4307.550293 0.000000 0.000000 7.000000 1300.000000 144.000000 4048.000000 1135.135376 0.000000 0.002400 0.000000 
48.100002 4307.550293 0.000000 0.000000 7.000000 1300.000000 144.000000 4052.000000 1137.380981 0.000000 0.002400 0.000000 
48.100002 4307.550293 0.000000 0.000000 7.000000 1300.000000 144.000000 4056.000000 1139.628784 0.000000 0.002400 0.000000 
48.100002 4307.550293 0.000000 0.000000 7.000000 1300.000000 144.000000 4060.000000 1141.878784 0.000000 0.002400 0.000000 
48.100002 4307.550293 0.000000 0.000000 7.000000 1300.000000 144.000000 4064.000000 1144.130981 0.000000 0.002400 0.000000 
48.100002 4307.550293 0.000000 0.000000 7.000000 1300.000000 144.000000 4068.000000 1146.385498 0.000000 0.002400 0.000000 
48.100002 4307.550293 0.000000 0.000000 7.000000 1300.000000 144.000000 4072.000000 1148.642090 0.000000 0.002400 0.000000 
48.100002 4307.550293 0.000000 0.000000 7.000000 1300.000000 144.000000 4076.000000 1150.901001 0.000000 0.002400 0.000000 
48.100002 4307.550293 0.000000 0.000000 7.000000 1300.000000 144.000000 4080.000000 1153.162109 0.000000 0.002400 0.000000 
48.100002 4307.550293 0.000000 0.000000 7.000000 1300.000000 144.000000 4084.000000 1155.425415 0.000000 0.002400 0.000000 
48.100002 4307.550293 0.000000 0.000000 7.000000 1300.000000 144.000000 4088.000000 1157.690918 0.000000 0.002400 0.000000 
48.100002 4307.550293 0.000000 0.000000 7.000000 1300.000000 144.000000 4092.000000 1159.958740 0.000000 0.002400 0.000000 
48.100002 4307.550293 0.000000 0.000000 7.000000 1300.000000 144.000000 4096.000000 1162.228638 0.000000 0.002400 0.000000 
48.100002 4307.550293 0.000000 0.000000 7.000000 1300.000000 144.000000 4100.000000 1164.500854 0.000000 0.002400 0.000000 
48.100002 4307.550293 0.000000 0.000000 7.000000 1300.000000 144.000000 4104.000000 1166.775269 0.000000 0.002400 0.000000 
48.100002 4307.550293 0.000000 0.000000 7.000000 1300.000000 144.000000 4108.000000 1169.051880 0.000000 0.002400 0.000000 
48.100002 4307.550293 0.000000 0.000000 7.000000 1300.000000 144.000000 4112.000000 1171.330811 0.000000 0.002400 0.000000 
48.100002 4307.550293 0.000000 0.000000 7.000000 1300.000000 144.000000 4116.000000 1173.611816 0.000000 0.002400 0.000000 
48.100002 4307.550293 0.000000 0.000000 7.000000 1300.000000 144.000000 4120.000000 1175.895142 0.000000 0.002400 0.000000 
48.100002 4307.550293 0.000000 0.000000 7.000000 1300.000000 144.000000 4124.000000 1178.180664 0.000000 0.002400 0.000000 
48.100002 4307.550293 0.000000 0.000000 7.000000 1300.000000 144.000000 4128.000000 1180.468384 0.000000 0.002400 0.000000 
48.100002 4307.550293 0.000000 0.000000 7.000000 1300.000000 144.000000 4132.000000 1182.758301 0.000000 0.002400 0.000000 
48.100002 4307.550293 0.000000 0.000000 7.000000 1300.000000 144.000000 4136.000000 1185.050537 0.000000 0.002400 0.000000 
48.100002 4307.550293 0.000000 0.000000 7.000000 1300.000000 144.000000 4140.000000 1187.344849 0.000000 0.002400 0.000000 
48.100002 4307.550293 0.000000 0.000000 7.000000 1300.000000 144.000000 4144.000000 1189.641479 0.000000 0.002400 0.000000 
48.100002 4307.550293 0.000000 0.000000 7.000000 1300.000000 144.000000 4148.000000 1191.940308 0.000000 0.002400 0.000000 
48.100002 4307.550293 0.000000 0.000000 7.000000 1300.000000 144.000000 4152.000000 1194.241333 0.000000 0.002400 0.000000 
48.100002 4307.550293 0.000000 0.000000 7.000000 1300.000000 144.000000 4156.000000 1196.544678 0.000000 0.002400 0.000000 
48.100002 4307.550293 0.000000 0.000000 7.000000 1300.000000 144.000000 4160.000000 1198.850098 0.000000 0.002400 0.000000 
48.100002 4307.550293 0.000000 0.000000 7.000000 1300.000000 144.000000 4164.000000 1201.157837 0.000000 0.002400 0.000000 
48.100002 4307.550293 0.000000 0.000000 7.000000 1300.000000 144.000000 4168.000000 1203.467773 0.000000 0.002400 0.000000 
48.100002 4307.550293 0.000000 0.000000 7.000000 1300.000000 144.000000 4172.000000 1205.779907 0.000000 0.002400 0.000000 
48.100002 4307.550293 0.000000 0.000000 7.000000 1300.000000 144.000000 4176.000000 1208.094238 0.000000 0.002400 0.000000 
48.100002 4307.550293 0.000000 0.000000 7.000000 1300.000000 144.000000 4180.000000 1210.410767 0.000000 0.002400 0.000000 
48.100002 4307.550293 0.000000 0.000000 7.000000 1300.000000 144.000000 4184.000000 1212.729614 0.000000 0.002400 0.000000 
48.100002 4307.550293 0.000000 0.000000 7.000000 1300.000000 144.000000 4188.000000 1215.050659 0.000000 0.002400 0.000000 
48.100002 4307.550293 0.000000 0.000000 7.000000 1300.000000 144.000000 4192.000000 1217.373901 0.000000 0.002400 0.000000 
48.100002 4307.550293 0.000000 0.000000 7.000000 1300.000000 144.000000 4196.000000 1219.699341 0.000000 0.002400 0.000000 
48.100002 4307.550293 0.000000 0.000000 7.000000 1300.000000 144.000000 4200.000000 1222.026978 0.000000 0.002400 0.000000 
48.100002 4307.550293 0.000000 0.000000 7.000000 1300.000000 144.000000 4204.000000 1224.356812 0.000000 0.002400 0.000000 
48.100002 4307.550293 0.000000 0.000000 7.000000 1300.000000 144.000000 4208.000000 1226.688965 0.000000 0.002400 0.000000 
48.100002 4307.550293 0.000000 0.000000 7.000000 1300.000000 144.000000 4212.000000 1229.023315 0.000000 0.002400 0.000000 
48.100002 4307.550293 0.000000 0.000000 7.000000 1300.000000 144.000000 4216.000000 1231.359863 0.000000 0.002400 0.000000 
48.100002 4307.550293 0.000000 0.000000 7.000000 1300.000000 144.000000 4220.000000 1233.698608 0.000000 0.002400 0.000000 
48.100002 4307.550293 0.000000 0.000000 7.000000 1300.000000 144.000000 4224.000000 1236.039551 0.000000 0.002400 0.000000 
48.100002 4307.550293 0.000000 0.000000 7.000000 1300.000000 144.000000 4228.000000 1238.382812 0.000000 0.002400 0.000000 
48.100002 4307.550293 0.000000 0.000000 7.000000 1300.000000 144.000000 4232.000000 1240.728271 0.000000 0.002400 0.000000 
48.100002 4307.550293 0.000000 0.000000 7.000000 1300.000000 144.000000 4236.000000 1243.075806 0.000000 0.002400 0.000000 
48.100002 4307.550293 0.000000 0.000000 7.000000 1300.000000 144.000000 4240.000000 1245.425659 0.000000 0.002400 0.000000 
48.100002 4307.550293 0.000000 0.000000 7.000000 1300.000000 144.000000 4244.000000 1247.777832 0.000000 0.002400 0.000000 
48.100002 4307.550293 0.000000 0.000000 7.000000 1300.000000 144.000000 4248.000000 1250.132080 0.000000 0.002400 0.000000 
48.100002 4307.550293 0.000000 0.000000 7.000000 1300.000000 144.000000 4252.000000 1252.488647 0.000000 0.002400 0.000000 
48.100002 4307.550293 0.000000 0.000000 7.000000 1300.000000 144.000000 4256.000000 1254.847290 0.000000 0.002400 0.000000 
48.100002 4307.550293 0.000000 0.000000 7.000000 1300.000000 144.000000 4260.000000 1257.208252 0.000000 0.002400 0.000000 
48.100002 4307.550293 0.000000 0.000000 7.000000 1300.000000 144.000000 4264.000000 1259.571411 0.000000 0.002400 0.000000 
48.100002 4307.550293 0.000000 0.000000 10.500000 0.000000 0.000000 4264.000000 1259.571411 0.000000 0.002400 0.000000 
48.100002 4307.550293 0.000000 0.000000 10.500000 0.000000 0.000000 4260.000000 1257.208252 0.000000 0.002400 0.000000 
48.100002 4307.550293 0.000000 0.000000 10.500000 0.000000 0.000000 4256.000000 1254.847290 0.000000 0.002400 0.000000 
48.100002 4307.550293 0.000000 0.000000 10.500000 0.000000 0.000000 4252.000000 1252.488647 0.000000 0.002400 0.000000 
48.100002 4307.550293 0.000000 0.000000 10.500000 0.000000 0.000000 4248.000000 1250.132080 0.000000 0.002400 0.000000 
48.100002 4307.550293 0.000000 0.000000 10.500000 0.000000 0.000000 4244.000000 1247.777832 0.000000 0.002400 0.000000 
48.100002 4307.550293 0.000000 0.000000 10.500000 0.000000 0.000000 4240.000000 1245.425659 0.000000 0.002400 0.000000 
48.100002 4307.550293 0.000000 0.000000 10.500000 0.000000 0.000000 4236.000000 1243.075806 0.000000 0.002400 0.000000 
48.100002 4307.550293 0.000000 0.000000 10.500000 0.000000 0.000000 4232.000000 1240.728271 0.000000 0.002400 0.000000 
48.100002 4307.550293 0.000000 0.000000 10.500000 0.000000 0.000000 4228.000000 1238.382812 0.000000 0.002400 0.000000 
48.100002 4307.550293 0.000000 0.000000 10.500000 0.000000 0.000000 4224.000000 1236.039551 0.000000 0.002400 0.000000 
48.100002 4307.550293 0.000000 0.000000 10.500000 0.000000 0.000000 4220.000000 1233.698608 0.000000 0.002400 0.000000 
48.100002 4307.550293 0.000000 0.000000 10.500000 0.000000 0.000000 4216.000000 1231.359863 0.000000 0.002400 0.000000 
48.100002 4307.550293 0.000000 0.000000 10.500000 0.000000 0.000000 4212.000000 1229.023315 0.000000 0.002400 0.000000 
48.100002 4307.550293 0.000000 0.000000 10.500000 0.000000 0.000000 4208.000000 1226.688965 0.000000 0.002400 0.000000 
48.100002 4307.550293 0.000000 0.000000 10.500000 0.000000 0.000000 4204.000000 1224.356812 0.000000 0.002400 0.000000 
48.100002 4307.550293 0.000000 0.000000 10.500000 0.000000 0.000000 4200.000000 1222.026978 0.000000 0.002400 0.000000 
48.100002 4307.550293 0.000000 0.000000 10.500000 0.000000 0.000000 4196.000000 1219.699341 0.000000 0.002400 0.000000 
48.100002 4307.550293 0.000000 0.000000 10.500000 0.000000 0.000000 4192.000000 1217.373901 0.000000 0.002400 0.000000 
48.100002 4307.550293 0.000000 0.000000 10.500000 0.000000 0.000000 4188.000000 1215.050659 0.000000 0.002400 0.000000 
48.100002 4307.550293 0.000000 0.000000 10.500000 0.000000 0.000000 4184.000000 1212.729614 0.000000 0.002400 0.000000 
48.100002 4307.550293 0.000000 0.000000 10.500000 0.000000 0.000000 4180.000000 1210.410767 0.000000 0.002400 0.000000 
48.100002 4307.550293 0.000000 0.000000 10.500000 0.000000 0.000000 4176.000000 1208.094238 0.000000 0.002400 0.000000 
48.100002 4307.550293 0.000000 0.000000 10.500000 0.000000 0.000000 4172.000000 1205.779907 0.000000 0.002400 0.000000 
48.100002 4307.550293 0.000000 0.000000 10.500000 0.000000 0.000000 4168.000000 1203.467773 0.000000 0.002400 0.000000 
48.100002 4307.550293 0.000000 0.000000 10.500000 0.000000 0.000000 4164.000000 1201.157837 0.000000 0.002400 0.000000 
48.100002 4307.550293 0.000000 0.000000 10.500000 0.000000 0.000000 4160.000000 1198.850098 0.000000 0.002400 0.000000 
48.100002 4307.550293 0.000000 0.000000 10.500000 0.000000 0.000000 4156.000000 1196.544678 0.000000 0.002400 0.000000 
48.100002 4307.550293 0.000000 0.000000 10.500000 0.000000 0.000000 4152.000000 1194.241333 0.000000 0.002400 0.000000 
48.100002 4307.550293 0.000000 0.000000 10.500000 0.000000 0.000000 4148.000000 1191.940308 0.000000 0.002400 0.000000 
48.100002 4307.550293 0.000000 0.000000 10.500000 0.000000 0.000000 4144.000000 1189.641479 0.000000 0.002400 0.000000 
48.100002 4307.550293 0.000000 0.000000 10.500000 0.000000 0.000000 4140.000000 1187.344849 0.000000 0.002400 0.000000 
48.100002 4307.550293 0.000000 0.000000 10.500000 0.000000 0.000000 4136.000000 1185.050537 0.000000 0.002400 0.000000 
48.100002 4307.550293 0.000000 0.000000 10.500000 0.000000 0.000000 4132.000000 1182.758301 0.000000 0.002400 0.000000 
48.100002 4307.550293 0.000000 0.000000 10.500000 0.000000 0.000000 4128.000000 1180.468384 0.000000 0.002400 0.000000 
48.100002 4307.550293 0.000000 0.000000 10.500000 0.000000 0.000000 4124.000000 1178.180664 0.000000 0.002400 0.000000 
48.100002 4307.550293 0.000000 0.000000 10.500000 0.000000 0.000000 4120.000000 1175.895142 0.000000 0.002400 0.000000 
48.100002 4307.550293 0.000000 0.000000 10.500000 0.000000 0.000000 4116.000000 1173.611816 0.000000 0.002400 0.000000 
48.100002 4307.550293 0.000000 0.000000 10.500000 0.000000 0.000000 4112.000000 1171.330811 0.000000 0.002400 0.000000 
48.100002 4307.550293 0.000000 0.000000 10.500000 0.000000 0.000000 4108.000000 1169.051880 0.000000 0.002400 0.000000 
48.100002 4307.550293 0.000000 0.000000 10.500000 0.000000 0.000000 4104.000000 1166.775269 0.000000 0.002400 0.000000 
48.100002 4307.550293 0.000000 0.000000 10.500000 0.000000 0.000000 4100.000000 1164.500854 0.000000 0.002400 0.000000 
48.100002 4307.550293 0.000000 0.000000 10.500000 0.000000 0.000000 4096.000000 1162.228638 0.000000 0.002400 0.000000 
48.100002 4307.550293 0.000000 0.000000 10.500000 0.000000 0.000000 4092.000000 1159.958740 0.000000 0.002400 0.000000 
48.100002 4307.550293 0.000000 0.000000 10.500000 0.000000 0.000000 4088.000000 1157.690918 0.000000 0.002400 0.000000 
48.100002 4307.550293 0.000000 0.000000 10.500000 0.000000 0.000000 4084.000000 1155.425415 0.000000 0.002400 0.000000 
48.100002 4307.550293 0.000000 0.000000 10.500000 0.000000 0.000000 4080.000000 1153.162109 0.000000 0.002400 0.000000 
48.100002 4307.550293 0.000000 0.000000 10.500000 0.000000 0.000000 4076.000000 1150.901001 0.000000 0.002400 0.000000 
48.100002 4307.550293 0.000000 0.000000 10.500000 0.000000 0.000000 4072.000000 1148.642090 0.000000 0.002400 0.000000 
48.100002 4307.550293 0.000000 0.000000 10.500000 0.000000 0.000000 4068.000000 1146.385498 0.000000 0.002400 0.000000 
48.100002 4307.550293 0.000000 0.000000 10.500000 0.000000 0.000000 4064.000000 1144.130981 0.000000 0.002400 0.000000 
48.100002 4307.550293 0.000000 0.000000 10.500000 0.000000 0.000000 4060.000000 1141.878784 0.000000 0.002400 0.000000 
48.100002 4307.550293 0.000000 0.000000 10.500000 0.000000 0.000000 4056.000000 1139.628784 0.000000 0.002400 0.000000 
48.100002 4307.550293 0.000000 0.000000 10.500000 0.000000 0.000000 4052.000000 1137.380981 0.000000 0.002400 0.000000 
48.100002 4307.550293 0.000000 0.000000 10.500000 0.000000 0.000000 4048.000000 1135.135376 0.000000 0.002400 0.000000 
48.100002 4307.550293 0.000000 0.000000 10.500000 0.000000 0.000000 4044.000000 1132.892090 0.000000 0.002400 0.000000 
48.100002 4307.550293 0.000000 0.000000 10.500000 0.000000 0.000000 4040.000000 1130.650879 0.000000 0.002400 0.000000 
48.100002 4307.550293 0.000000 0.000000 10.500000 0.000000 0.000000 4036.000000 1128.411987 0.000000 0.002400 0.000000 
48.100002 4307.550293 0.000000 0.000000 10.500000 0.000000 0.000000 4032.000000 1126.175293 0.000000 0.002400 0.000000 
48.100002 4307.550293 0.000000 0.000000 10.500000 0.000000 0.000000 4028.000000 1123.940796 0.000000 0.002400 0.000000 
48.100002 4307.550293 0.000000 0.000000 10.500000 0.000000 0.000000 4024.000000 1121.708618 0.000000 0.002400 0.000000 
48.100002 4307.550293 0.000000 0.000000 10.500000 0.000000 0.000000 4020.000000 1119.478516 0.000000 0.002400 0.000000 
48.100002 4307.550293 0.000000 0.000000 10.500000 0.000000 0.000000 4016.000000 1117.250732 0.000000 0.002400 0.000000 
48.100002 4307.550293 0.000000 0.000000 10.500000 0.000000 0.000000 4012.000000 1115.025146 0.000000 0.002400 0.000000 
48.100002 4307.550293 0.000000 0.000000 10.500000 0.000000 0.000000 4008.000000 1112.801758 0.000000 0.002400 0.000000 
48.100002 4307.550293 0.000000 0.000000 10.500000 0.000000 0.000000 4004.000000 1110.580566 0.000000 0.002400 0.000000 
48.100002 4307.550293 0.000000 0.000000 10.500000 0.000000 0.000000 4000.000000 1108.361694 0.000000 0.002400 0.000000 
48.100002 4307.550293 0.000000 0.000000 10.500000 0.000000 0.000000 3996.000000 1106.144897 0.000000 0.002400 0.000000 
48.100002 4307.550293 0.000000 0.000000 10.500000 0.000000 0.000000 3992.000000 1103.930420 0.000000 0.002400 0.000000 
48.100002 4307.550293 0.000000 0.000000 10.500000 0.000000 0.000000 3988.000000 1101.718140 0.000000 0.002400 0.000000 
48.100002 4307.550293 0.000000 0.000000 10.500000 0.000000 0.000000 3984.000000 1099.508057 0.000000 0.002400 0.000000 
48.100002 4307.550293 0.000000 0.000000 10.500000 0.000000 0.000000 3980.000000 1097.300171 0.000000 0.002400 0.000000 
48.100002 4307.550293 0.000000 0.000000 10.500000 0.000000 0.000000 3976.000000 1095.094604 0.000000 0.002400 0.000000 
48.100002 4307.550293 0.000000 0.000000 10.500000 0.000000 0.000000 3972.000000 1092.891235 0.000000 0.002400 0.000000 
48.100002 4307.550293 0.000000 0.000000 10.500000 0.000000 0.000000 3968.000000 1090.689941 0.000000 0.002400 0.000000 
48.100002 4307.550293 0.000000 0.000000 10.500000 0.000000 0.000000 3964.000000 1088.490967 0.000000 0.002400 0.000000 
48.100002 4307.550293 0.000000 0.000000 10.500000 0.000000 0.000000 3960.000000 1086.294312 0.000000 0.002400 0.000000 
48.100002 4307.550293 0.000000 0.000000 10.500000 0.000000 0.000000 3956.000000 1084.099731 0.000000 0.002400 0.000000 
48.100002 4307.550293 0.000000 0.000000 10.500000 0.000000 0.000000 3952.000000 1081.907471 0.000000 0.002400 0.000000 
48.100002 4307.550293 0.000000 0.000000 10.500000 0.000000 0.000000 3948.000000 1079.717285 0.000000 0.002400 0.000000 
48.100002 4307.550293 0.000000 0.000000 10.500000 0.000000 0.000000 3944.000000 1077.529419 0.000000 0.002400 0.000000 
48.100002 4307.550293 0.000000 0.000000 10.500000 0.000000 0.000000 3940.000000 1075.343750 0.000000 0.002400 0.000000 
48.100002 4307.550293 0.000000 0.000000 10.500000 0.000000 0.000000 3936.000000 1073.160400 0.000000 0.002400 0.000000 
48.100002 4307.550293 0.000000 0.000000 10.500000 0.000000 0.000000 3932.000000 1070.979126 0.000000 0.002400 0.000000 
48.100002 4307.550293 0.000000 0.000000 10.500000 0.000000 0.000000 3928.000000 1068.800171 0.000000 0.002400 0.000000 
48.100002 4307.550293 0.000000 0.000000 10.500000 0.000000 0.000000 3924.000000 1066.623291 0.000000 0.002400 0.000000 
48.100002 4307.550293 0.000000 0.000000 10.500000 0.000000 0.000000 3920.000000 1064.448730 0.000000 0.002400 0.000000 
48.100002 4307.550293 0.000000 0.000000 10.500000 0.000000 0.000000 3916.000000 1062.276489 0.000000 0.002400 0.000000 
48.100002 4307.550293 0.000000 0.000000 10.500000 0.000000 0.000000 3912.000000 1060.106323 0.000000 0.002400 0.000000 
48.100002 4307.550293 0.000000 0.000000 10.500000 0.000000 0.000000 3908.000000 1057.938354 0.000000 0.002400 0.000000 
48.100002 4307.550293 0.000000 0.000000 10.500000 0.000000 0.000000 3904.000000 1055.772705 0.000000 0.002400 0.000000 
48.100002 4307.550293 0.000000 0.000000 10.500000 0.000000 0.000000 3900.000000 1053.609253 0.000000 0.002400 0.000000 
48.100002 4307.550293 0.000000 0.000000 10.500000 0.000000 0.000000 3896.000000 1051.447998 0.000000 0.002400 0.000000 
48.100002 4307.550293 0.000000 0.000000 10.500000 0.000000 0.000000 3892.000000 1049.288940 0.000000 0.002400 0.000000 
48.100002 4307.550293 0.000000 0.000000 10.500000 0.000000 0.000000 3888.000000 1047.132202 0.000000 0.002400 0.000000 
48.100002 4307.550293 0.000000 0.000000 10.500000 0.000000 0.000000 3884.000000 1044.977539 0.000000 0.002400 0.000000 
48.100002 4307.550293 0.000000 0.000000 10.500000 0.000000 0.000000 3880.000000 1042.825195 0.000000 0.002400 0.000000 
48.100002 4307.550293 0.000000 0.000000 10.500000 0.000000 0.000000 3876.000000 1040.675049 0.000000 0.002400 0.000000 
48.100002 4307.550293 0.000000 0.000000 10.500000 0.000000 0.000000 3872.000000 1038.527100 0.000000 0.002400 0.000000 
48.100002 4307.550293 0.000000 0.000000 10.500000 0.000000 0.000000 3868.000000 1036.381348 0.000000 0.002400 0.000000 
48.100002 4307.550293 0.000000 0.000000 10.500000 0.000000 0.000000 3864.000000 1034.237915 0.000000 0.002400 0.000000 
48.100002 4307.550293 0.000000 0.000000 10.500000 0.000000 0.000000 3860.000000 1032.096558 0.000000 0.002400 0.000000 
48.100002 4307.550293 0.000000 0.000000 10.500000 0.000000 0.000000 3856.000000 1029.957520 0.000000 0.002400 0.000000 
48.100002 4307.550293 0.000000 0.000000 10.500000 0.000000 0.000000 3852.000000 1027.820679 0.000000 0.002400 0.000000 
48.100002 4307.550293 0.000000 0.000000 10.500000 0.000000 0.000000 3848.000000 1025.686035 0.000000 0.002400 0.000000 
48.100002 4307.550293 0.000000 0.000000 10.500000 0.000000 0.000000 3844.000000 1023.553650 0.000000 0.002400 0.000000 
48.100002 4307.550293 0.000000 0.000000 10.500000 0.000000 0.000000 3840.000000 1021.423523 0.000000 0.002400 0.000000 
48.100002 4307.550293 0.000000 0.000000 10.500000 0.000000 0.000000 3836.000000 1019.295532 0.000000 0.002400 0.000000 
48.100002 4307.550293 0.000000 0.000000 10.500000 0.000000 0.000000 3832.000000 1017.169800 0.000000 0.002400 0.000000 
48.100002 4307.550293 0.000000 0.000000 10.500000 0.000000 0.000000 3828.000000 1015.046265 0.000000 0.002400 0.000000 
48.100002 4307.550293 0.000000 0.000000 10.500000 0.000000 0.000000 3824.000000 1012.924927 0.000000 0.002400 0.000000 
48.100002 4307.550293 0.000000 0.000000 10.500000 0.000000 0.000000 3820.000000 1010.805847 0.000000 0.002400 0.000000 
48.100002 4307.550293 0.000000 0.000000 10.500000 0.000000 0.000000 3816.000000 1008.688965 0.000000 0.002400 0.000000 
48.100002 4307.550293 0.000000 0.000000 10.500000 0.000000 0.000000 3812.000000 1006.574341 0.000000 0.002400 0.000000 
48.100002 4307.550293 0.000000 0.000000 10.500000 0.000000 0.000000 3808.000000 1004.461914 0.000000 0.002400 0.000000 
48.100002 4307.550293 0.000000 0.000000 10.500000 0.000000 0.000000 3804.000000 1002.351685 0.000000 0.002400 0.000000 
48.100002 4307.550293 0.000000 0.000000 10.500000 0.000000 0.000000 3800.000000 1000.243713 0.000000 0.002400 0.000000 
48.100002 4307.550293 0.000000 0.000000 10.500000 0.000000 0.000000 3796.000000 998.137939 0.000000 0.002400 0.000000 
48.100002 4307.550293 0.000000 0.000000 10.500000 0.000000 0.000000 3792.000000 996.034363 0.000000 0.002400 0.000000 
48.100002 4307.550293 0.000000 0.000000 10.500000 0.000000 0.000000 3788.000000 993.933044 0.000000 0.002400 0.000000 
48.100002 4307.550293 0.000000 0.000000 10.500000 0.000000 0.000000 3784.000000 991.833923 0.000000 0.002400 0.000000 
48.100002 4307.550293 0.000000 0.000000 10.500000 0.000000 0.000000 3780.000000 989.737000 0.000000 0.002400 0.000000 
48.100002 4307.550293 0.000000 0.000000 10.500000 0.000000 0.000000 3776.000000 987.642334 0.000000 0.002400 0.000000 
48.100002 4307.550293 0.000000 0.000000 10.500000 0.000000 0.000000 3772.000000 985.549866 0.000000 0.002400 0.000000 
48.100002 4307.550293 0.000000 0.000000 10.500000 0.000000 0.000000 3768.000000 983.459595 0.000000 0.002400 0.000000 
48.100002 4307.550293 0.000000 0.000000 10.500000 0.000000 0.000000 3764.000000 981.371582 0.000000 0.002400 0.000000 
48.100002 4307.550293 0.000000 0.000000 10.500000 0.000000 0.000000 3760.000000 979.285767 0.000000 0.002400 0.000000 
48.100002 4307.550293 0.000000 0.000000 10.500000 0.000000 0.000000 3756.000000 977.202209 0.000000 0.002400 0.000000 
48.100002 4307.550293 0.000000 0.000000 10.500000 0.000000 0.000000 3752.000000 975.120850 0.000000 0.002400 0.000000 
48.100002 4307.550293 0.000000 0.000000 10.500000 0.000000 0.000000 3748.000000 973.041687 0.000000 0.002400 0.000000 
48.100002 4307.550293 0.000000 0.000000 10.500000 0.000000 0.000000 3744.000000 970.964722 0.000000 0.002400 0.000000 
48.100002 4307.550293 0.000000 0.000000 10.500000 0.000000 0.000000 3740.000000 968.890015 0.000000 0.002400 0.000000 
48.100002 4307.550293 0.000000 0.000000 10.500000 0.000000 0.000000 3736.000000 966.817566 0.000000 0.002400 0.000000 
48.100002 4307.550293 0.000000 0.000000 10.500000 0.000000 0.000000 3732.000000 964.747253 0.000000 0.002400 0.000000 
48.100002 4307.550293 0.000000 0.000000 10.500000 0.000000 0.000000 3728.000000 962.679199 0.000000 0.002400 0.000000 
48.100002 4307.550293 0.000000 0.000000 10.500000 0.000000 0.000000 3724.000000 960.613403 0.000000 0.002400 0.000000 
48.100002 4307.550293 0.000000 0.000000 10.500000 0.000000 0.000000 3720.000000 958.549744 0.000000 0.002400 0.000000 
48.100002 4307.550293 0.000000 0.000000 10.500000 0.000000 0.000000 3716.000000 956.488342 0.000000 0.002400 0.000000 
48.100002 4307.550293 0.000000 0.000000 10.500000 0.000000 0.000000 3712.000000 954.429199 0.000000 0.002400 0.000000 
48.100002 4307.550293 0.000000 0.000000 10.500000 0.000000 0.000000 3708.000000 952.372253 0.000000 0.002400 0.000000 
48.100002 4307.550293 0.000000 0.000000 10.500000 0.000000 0.000000 3704.000000 950.317505 0.000000 0.002400 0.000000 
48.100002 4307.550293 0.000000 0.000000 10.500000 0.000000 0.000000 3700.000000 948.264954 0.000000 0.002400 0.000000 
48.100002 4307.550293 0.000000 0.000000 10.500000 0.000000 0.000000 3696.000000 946.214661 0.000000 0.002400 0.000000 
48.100002 4307.550293 0.000000 0.000000 10.500000 0.000000 0.000000 3692.000000 944.166565 0.000000 0.002400 0.000000 
48.100002 4307.550293 0.000000 0.000000 10.500000 0.000000 0.000000 3688.000000 942.120728 0.000000 0.002400 0.000000 
48.100002 4307.550293 0.000000 0.000000 10.500000 0.000000 0.000000 3684.000000 940.077087 0.000000 0.002400 0.000000 
48.100002 4307.550293 0.000000 0.000000 10.500000 0.000000 0.000000 3680.000000 938.035645 0.000000 0.002400 0.000000 
48.100002 4307.550293 0.000000 0.000000 10.500000 0.000000 0.000000 3676.000000 935.996460 0.000000 0.002400 0.000000 
48.100002 4307.550293 0.000000 0.000000 10.500000 0.000000 0.000000 3672.000000 933.959473 0.000000 0.002400 0.000000 
48.100002 4307.550293 0.000000 0.000000 10.500000 0.000000 0.000000 3668.000000 931.924683 0.000000 0.002400 0.000000 
48.100002 4307.550293 0.000000 0.000000 10.500000 0.000000 0.000000 3664.000000 929.892151 0.000000 0.002400 0.000000 
48.100002 4307.550293 0.000000 0.000000 10.500000 0.000000 0.000000 3660.000000 927.861816 0.000000 0.002400 0.000000 
48.100002 4307.550293 0.000000 0.000000 10.500000 0.000000 0.000000 3656.000000 925.833679 0.000000 0.002400 0.000000 
48.100002 4307.550293 0.000000 0.000000 10.500000 0.000000 0.000000 3652.000000 923.807800 0.000000 0.002400 0.000000 
48.100002 4307.550293 0.000000 0.000000 10.500000 0.000000 0.000000 3648.000000 921.784119 0.000000 0.002400 0.000000 
48.100002 4307.550293 0.000000 0.000000 10.500000 0.000000 0.000000 3644.000000 919.762634 0.000000 0.002400 0.000000 
48.100002 4307.550293 0.000000 0.000000 10.500000 0.000000 0.000000 3640.000000 917.743408 0.000000 0.002400 0.000000 
48.100002 4307.550293 0.000000 0.000000 10.500000 0.000000 0.000000 3636.000000 915.726379 0.000000 0.002400 0.000000 
48.100002 4307.550293 0.000000 0.000000 10.500000 0.000000 0.000000 3632.000000 913.711609 0.000000 0.002400 0.000000 
48.100002 4307.550293 0.000000 0.000000 10.500000 0.000000 0.000000 3628.000000 911.699036 0.000000 0.002400 0.000000 
48.100002 4307.550293 0.000000 0.000000 10.500000 0.000000 0.000000 3624.000000 909.688660 0.000000 0.002400 0.000000 
48.100002 4307.550293 0.000000 0.000000 10.500000 0.000000 0.000000 3620.000000 907.680542 0.000000 0.002400 0.000000 
48.100002 4307.550293 0.000000 0.000000 10.500000 0.000000 0.000000 3616.000000 905.674561 0.000000 0.002400 0.000000 
48.100002 4307.550293 0.000000 0.000000 10.500000 0.000000 0.000000 3612.000000 903.670898 0.000000 0.002400 0.000000 
48.100002 4307.550293 0.000000 0.000000 10.500000 0.000000 0.000000 3608.000000 901.669373 0.000000 0.002400 0.000000 
48.100002 4307.550293 0.000000 0.000000 10.500000 0.000000 0.000000 3604.000000 899.670105 0.000000 0.002400 0.000000 
48.100002 4307.550293 0.000000 0.000000 10.500000 0.000000 0.000000 3600.000000 897.673096 0.000000 0.002400 0.000000 
48.100002 4307.550293 0.000000 0.000000 10.500000 0.000000 0.000000 3596.000000 895.678284 0.000000 0.002400 0.000000 
48.100002 4307.550293 0.000000 0.000000 10.500000 0.000000 0.000000 3592.000000 893.685669 0.000000 0.002400 0.000000 
48.100002 4307.550293 0.000000 0.000000 10.500000 0.000000 0.000000 3588.000000 891.695251 0.000000 0.002400 0.000000 
48.100002 4307.550293 0.000000 0.000000 10.500000 0.000000 0.000000 3584.000000 889.707092 0.000000 0.002400 0.000000 
48.100002 4307.550293 0.000000 0.000000 10.500000 0.000000 0.000000 3580.000000 887.721130 0.000000 0.002400 0.000000 
48.100002 4307.550293 0.000000 0.000000 10.500000 0.000000 0.000000 3576.000000 885.737366 0.000000 0.002400 0.000000 
48.100002 4307.550293 0.000000 0.000000 10.500000 0.000000 0.000000 3572.000000 883.755859 0.000000 0.002400 0.000000 
48.100002 4307.550293 0.000000 0.000000 10.500000 0.000000 0.000000 3568.000000 881.776611 0.000000 0.002400 0.000000 
48.100002 4307.550293 0.000000 0.000000 10.500000 0.000000 0.000000 3564.000000 879.799500 0.000000 0.002400 0.000000 
48.100002 4307.550293 0.000000 0.000000 10.500000 0.000000 0.000000 3560.000000 877.824646 0.000000 0.002400 0.000000 
48.100002 4307.550293 0.000000 0.000000 10.500000 0.000000 0.000000 3556.000000 875.851990 0.000000 0.002400 0.000000 
48.100002 4307.550293 0.000000 0.000000 10.500000 0.000000 0.000000 3552.000000 873.881592 0.000000 0.002400 0.000000 
48.100002 4307.550293 0.000000 0.000000 10.500000 0.000000 0.000000 3548.000000 871.913391 0.000000 0.002400 0.000000 
48.100002 4307.550293 0.000000 0.000000 10.500000 0.000000 0.000000 3544.000000 869.947388 0.000000 0.002400 0.000000 
48.100002 4307.550293 0.000000 0.000000 10.500000 0.000000 0.000000 3540.000000 867.983643 0.000000 0.002400 0.000000 
48.100002 4307.550293 0.000000 0.000000 10.500000 0.000000 0.000000 3536.000000 866.022095 0.000000 0.002400 0.000000 
48.100002 4307.550293 0.000000 0.000000 10.500000 0.000000 0.000000 3532.000000 864.062744 0.000000 0.002400 0.000000 
48.100002 4307.550293 0.000000 0.000000 10.500000 0.000000 0.000000 3528.000000 862.105652 0.000000 0.002400 0.000000 
48.100002 4307.550293 0.000000 0.000000 10.500000 0.000000 0.000000 3524.000000 860.150757 0.000000 0.002400 0.000000 
48.100002 4307.550293 0.000000 0.000000 10.500000 0.000000 0.000000 3520.000000 858.198120 0.000000 0.002400 0.000000 
48.100002 4307.550293 0.000000 0.000000 10.500000 0.000000 0.000000 3516.000000 856.247681 0.000000 0.002400 0.000000 
48.100002 4307.550293 0.000000 0.000000 10.500000 0.000000 0.000000 3512.000000 854.299438 0.000000 0.002400 0.000000 
48.100002 4307.550293 0.000000 0.000000 10.500000 0.000000 0.000000 3508.000000 852.353394 0.000000 0.002400 0.000000 
48.100002 4399.200195 0.000000 0.000000 7.000000 0.000000 0.000000 3508.000000 852.353394 0.000000 0.002400 0.000000 
48.100002 4307.550293 1560.000000 0.000000 7.000000 0.000000 0.000000 3508.000000 852.353394 0.000000 0.002400 0.000000 
48.100002 4307.550293 0.000000 0.000000 7.000000 1300.000000 144.000000 3508.000000 852.353394 0.000000 0.002400 0.000000 
48.100002 4307.550293 0.000000 0.000000 7.000000 1300.000000 144.000000 3512.000000 854.299438 0.000000 0.002400 0.000000 
48.100002 4307.550293 0.000000 0.000000 7.000000 1300.000000 144.000000 3516.000000 856.247681 0.000000 0.002400 0.000000 
48.100002 4307.550293 0.000000 0.000000 7.000000 1300.000000 144.000000 3520.000000 858.198120 0.000000 0.002400 0.000000 
48.100002 4307.550293 0.000000 0.000000 7.000000 1300.000000 144.000000 3524.000000 860.150757 0.000000 0.002400 0.000000 
48.100002 4307.550293 0.000000 0.000000 7.000000 1300.000000 144.000000 3528.000000 862.105652 0.000000 0.002400 0.000000 
48.100002 4307.550293 0.000000 0.000000 7.000000 1300.000000 144.000000 3532.000000 864.062744 0.000000 0.002400 0.000000 
48.100002 4307.550293 0.000000 0.000000 7.000000 1300.000000 144.000000 3536.000000 866.022095 0.000000 0.002400 0.000000 
48.100002 4307.550293 0.000000 0.000000 7.000000 1300.000000 144.000000 3540.000000 867.983643 0.000000 0.002400 0.000000 
48.100002 4307.550293 0.000000 0.000000 7.000000 1300.000000 144.000000 3544.000000 869.947388 0.000000 0.002400 0.000000 
48.100002 4307.550293 0.000000 0.000000 7.000000 1300.000000 144.000000 3548.000000 871.913391 0.000000 0.002400 0.000000 
48.100002 4307.550293 0.000000 0.000000 7.000000 1300.000000 144.000000 3552.000000 873.881592 0.000000 0.002400 0.000000 
48.100002 4307.550293 0.000000 0.000000 7.000000 1300.000000 144.000000 3556.000000 875.851990 0.000000 0.002400 0.000000 
48.100002 4307.550293 0.000000 0.000000 7.000000 1300.000000 144.000000 3560.000000 877.824646 0.000000 0.002400 0.000000 
48.100002 4307.550293 0.000000 0.000000 7.000000 1300.000000 144.000000 3564.000000 879.799500 0.000000 0.002400 0.000000 
48.100002 4307.550293 0.000000 0.000000 7.000000 1300.000000 144.000000 3568.000000 881.776611 0.000000 0.002400 0.000000 
48.100002 4307.550293 0.000000 0.000000 7.000000 1300.000000 144.000000 3572.000000 883.755859 0.000000 0.002400 0.000000 
48.100002 4307.550293 0.000000 0.000000 7.000000 1300.000000 144.000000 3576.000000 885.737366 0.000000 0.002400 0.000000 
48.100002 4307.550293 0.000000 0.000000 7.000000 1300.000000 144.000000 3580.000000 887.721130 0.000000 0.002400 0.000000 
48.100002 4307.550293 0.000000 0.000000 7.000000 1300.000000 144.000000 3584.000000 889.707092 0.000000 0.002400 0.000000 
48.100002 4307.550293 0.000000 0.000000 7.000000 1300.000000 144.000000 3588.000000 891.695251 0.000000 0.002400 0.000000 
48.100002 4307.550293 0.000000 0.000000 7.000000 1300.000000 144.000000 3592.000000 893.685669 0.000000 0.002400 0.000000 
48.100002 4307.550293 0.000000 0.000000 7.000000 1300.000000 144.000000 3596.000000 895.678284 0.000000 0.002400 0.000000 
48.100002 4307.550293 0.000000 0.000000 7.000000 1300.000000 144.000000 3600.000000 897.673096 0.000000 0.002400 0.000000 
48.100002 4307.550293 0.000000 0.000000 7.000000 1300.000000 144.000000 3604.000000 899.670105 0.000000 0.002400 0.000000 
48.100002 4307.550293 0.000000 0.000000 7.000000 1300.000000 144.000000 3608.000000 901.669373 0.000000 0.002400 0.000000 
48.100002 4307.550293 0.000000 0.000000 7.000000 1300.000000 144.000000 3612.000000 903.670898 0.000000 0.002400 0.000000 
48.100002 4307.550293 0.000000 0.000000 7.000000 1300.000000 144.000000 3616.000000 905.674561 0.000000 0.002400 0.000000 
48.100002 4307.550293 0.000000 0.000000 7.000000 1300.000000 144.000000 3620.000000 907.680542 0.000000 0.002400 0.000000 
48.100002 4307.550293 0.000000 0.000000 7.000000 1300.000000 144.000000 3624.000000 909.688660 0.000000 0.002400 0.000000 
48.100002 4307.550293 0.000000 0.000000 7.000000 1300.000000 144.000000 3628.000000 911.699036 0.000000 0.002400 0.000000 
48.100002 4307.550293 0.000000 0.000000 7.000000 1300.000000 144.000000 3632.000000 913.711609 0.000000 0.002400 0.000000 
48.100002 4307.550293 0.000000 0.000000 7.000000 1300.000000 144.000000 3636.000000 915.726379 0.000000 0.002400 0.000000 
48.100002 4307.550293 0.000000 0.000000 7.000000 1300.000000 144.000000 3640.000000 917.743408 0.000000 0.002400 0.000000 
48.100002 4307.550293 0.000000 0.000000 7.000000 1300.000000 144.000000 3644.000000 919.762634 0.000000 0.002400 0.000000 
48.100002 4307.550293 0.000000 0.000000 7.000000 1300.000000 144.000000 3648.000000 921.784119 0.000000 0.002400 0.000000 
48.100002 4307.550293 0.000000 0.000000 7.000000 1300.000000 144.000000 3652.000000 923.807800 0.000000 0.002400 0.000000 
48.100002 4307.550293 0.000000 0.000000 7.000000 1300.000000 144.000000 3656.000000 925.833679 0.000000 0.002400 0.000000 
48.100002 4307.550293 0.000000 0.000000 7.000000 1300.000000 144.000000 3660.000000 927.861816 0.000000 0.002400 0.000000 
48.100002 4307.550293 0.000000 0.000000 7.000000 1300.000000 144.000000 3664.000000 929.892151 0.000000 0.002400 0.000000 
48.100002 4307.550293 0.000000 0.000000 7.000000 1300.000000 144.000000 3668.000000 931.924683 0.000000 0.002400 0.000000 
48.100002 4307.550293 0.000000 0.000000 7.000000 1300.000000 144.000000 3672.000000 933.959473 0.000000 0.002400 0.000000 
48.100002 4307.550293 0.000000 0.000000 7.000000 1300.000000 144.000000 3676.000000 935.996460 0.000000 0.002400 0.000000 
48.100002 4307.550293 0.000000 0.000000 7.000000 1300.000000 144.000000 3680.000000 938.035645 0.000000 0.002400 0.000000 
48.100002 4307.550293 0.000000 0.000000 7.000000 1300.000000 144.000000 3684.000000 940.077087 0.000000 0.002400 0.000000 
48.100002 4307.550293 0.000000 0.000000 7.000000 1300.000000 144.000000 3688.000000 942.120728 0.000000 0.002400 0.000000 
48.100002 4307.550293 0.000000 0.000000 7.000000 1300.000000 144.000000 3692.000000 944.166565 0.000000 0.002400 0.000000 
48.100002 4307.550293 0.000000 0.000000 7.000000 1300.000000 144.000000 3696.000000 946.214661 0.000000 0.002400 0.000000 
48.100002 4307.550293 0.000000 0.000000 7.000000 1300.000000 144.000000 3700.000000 948.264954 0.000000 0.002400 0.000000 
48.100002 4307.550293 0.000000 0.000000 7.000000 1300.000000 144.000000 3704.000000 950.317505 0.000000 0.002400 0.000000 
48.100002 4307.550293 0.000000 0.000000 7.000000 1300.000000 144.000000 3708.000000 952.372253 0.000000 0.002400 0.000000 
48.100002 4307.550293 0.000000 0.000000 7.000000 1300.000000 144.000000 3712.000000 954.429199 0.000000 0.002400 0.000000 
48.100002 4307.550293 0.000000 0.000000 7.000000 1300.000000 144.000000 3716.000000 956.488342 0.000000 0.002400 0.000000 
48.100002 4307.550293 0.000000 0.000000 7.000000 1300.000000 144.000000 3720.000000 958.549744 0.000000 0.002400 0.000000 
48.100002 4307.550293 0.000000 0.000000 7.000000 1300.000000 144.000000 3724.000000 960.613403 0.000000 0.002400 0.000000 
48.100002 4307.550293 0.000000 0.000000 7.000000 1300.000000 144.000000 3728.000000 962.679199 0.000000 0.002400 0.000000 
48.100002 4307.550293 0.000000 0.000000 7.000000 1300.000000 144.000000 3732.000000 964.747253 0.000000 0.002400 0.000000 
48.100002 4307.550293 0.000000 0.000000 7.000000 1300.000000 144.000000 3736.000000 966.817566 0.000000 0.002400 0.000000 
48.100002 4307.550293 0.000000 0.000000 7.000000 1300.000000 144.000000 3740.000000 968.890015 0.000000 0.002400 0.000000 
48.100002 4307.550293 0.000000 0.000000 7.000000 1300.000000 144.000000 3744.000000 970.964722 0.000000 0.002400 0.000000 
48.100002 4307.550293 0.000000 0.000000 7.000000 1300.000000 144.000000 3748.000000 973.041687 0.000000 0.002400 0.000000 
[[  1.  49.   1. ...,   0.   0.   0.]
 [  1.  49.   0. ...,   0.   0.   0.]
 [  1.  49.   0. ...,   1.   0.   0.]
 ..., 
 [  0.   0.   0. ...,   0.   0.   0.]
 [  0.   0.   0. ...,   0.   0.   0.]
 [  0.   0.   0. ...,   0.   0.   0.]]
